first Selection of Starting Locations: {13, 29, 46, 58, 67, 105, 140, 142, 153, 159}

1 Connections from: 108 
2 Connections from: 2 4 5 6 12 21 30 56 83 104 106 120 132 137 162 169 
3 Connections from: 7 8 9 11 17 18 19 20 24 25 26 27 31 36 43 44 47 49 50 53 57 60 64 70 73 75 80 81 84 85 88 90 92 95 96 103 113 119 121 125 130 131 136 138 145 147 148 150 152 168 170 172 174 175 177 178 179 182 186 189 192 193 195 196 197 198 
4 Connections from: 10 16 28 32 33 35 37 38 39 40 48 54 59 62 66 68 69 71 76 93 97 98 99 101 109 110 112 117 126 128 134 139 141 146 149 151 155 158 160 164 166 167 173 176 181 183 188 194 
5 Connections from: 1 3 14 45 51 55 61 87 91 94 129 143 171 187 199 
6 Connections from: 102 107 114 115 118 122 133 144 190 
7 Connections from: 34 52 72 78 86 135 154 161 163 165 180 191 
8 Connections from: 15 22 23 41 42 63 65 74 77 82 100 116 127 156 
9 Connections from: 79 89 111 123 124 157 184 185 
10 Connections from: 13 29 58 105 142 
12 Connections from: 46 67 
13 Connections from: 140 153 159
