100 Games calculating!
Siege SLY: 55 MRX: 45 ERRORS: 0
[1 0] [2 0] [3 0] [4 2] [5 7] [6 5] [7 1] [8 5] [9 7] [10 5] [11 7] [12 1] [13 1] [14 10] [15 2] [16 3] [17 5] [18 2] [19 4] [20 0] [21 5] [22 28] Avg 13.71 Rounds

100 Games calculating!
Siege SLY: 55 MRX: 45 ERRORS: 0
[1 0] [2 0] [3 0] [4 0] [5 5] [6 6] [7 2] [8 2] [9 14] [10 4] [11 6] [12 1] [13 1] [14 7] [15 2] [16 3] [17 4] [18 1] [19 3] [20 5] [21 6] [22 28] Avg 14.09 Rounds

1000 Games calculating!
Siege SLY: 485 MRX: 515 ERRORS: 0
[1 0] [2 0] [3 0] [4 13] [5 53] [6 65] [7 34] [8 44] [9 75] [10 30] [11 32] [12 17] [13 14] [14 57] [15 39] [16 24] [17 16] [18 25] [19 35] [20 58] [21 73] [22 296] Avg 14.369 Rounds

1000 Games calculating!
Siege SLY: 496 MRX: 504 ERRORS: 0
[1 0] [2 0] [3 0] [4 12] [5 40] [6 63] [7 22] [8 47] [9 65] [10 32] [11 60] [12 10] [13 15] [14 66] [15 26] [16 26] [17 30] [18 32] [19 43] [20 64] [21 67] [22 280] Avg 14.516 Rounds

100 Games calculating!
Siege SLY: 45 MRX: 55 ERRORS: 0
[1 0] [2 0] [3 0] [4 0] [5 4] [6 7] [7 0] [8 1] [9 9] [10 4] [11 3] [12 3] [13 1] [14 7] [15 3] [16 1] [17 3] [18 2] [19 4] [20 5] [21 7] [22 36] Avg 15.34 Rounds

100 Games calculating!
Siege SLY: 52 MRX: 48 ERRORS: 0
[1 0] [2 0] [3 0] [4 3] [5 4] [6 6] [7 2] [8 5] [9 12] [10 5] [11 4] [12 1] [13 1] [14 3] [15 4] [16 6] [17 2] [18 1] [19 3] [20 5] [21 8] [22 25] Avg 13.74 Rounds

1000 Games calculating!
Siege SLY: 513 MRX: 487 ERRORS: 0
[1 0] [2 0] [3 0] [4 11] [5 38] [6 51] [7 25] [8 59] [9 67] [10 44] [11 46] [12 6] [13 17] [14 67] [15 35] [16 31] [17 35] [18 28] [19 52] [20 54] [21 61] [22 273] Avg 14.442 Rounds

Mr x flees depending on distance to reveal and to closest flollower
SLV Hunts just by distance and Ticket Cound
1000 Games calculating! 
Siege SLY: 377 MRX: 623 ERRORS: 0
[1 0] [2 0] [3 1] [4 58] [5 25] [6 13] [7 16] [8 33] [9 57] [10 23] [11 12] [12 4] [13 8] [14 51] [15 26] [16 17] [17 14] [18 26] [19 76] [20 58] [21 63] [22 50] Avg 8.319 Rounds
Calculations took: 277647ms

same as above but sly just uses distance
1000 Games calculating!
Siege SLY: 389 MRX: 611 ERRORS: 0
[1 0] [2 0] [3 2] [4 57] [5 30] [6 8] [7 11] [8 33] [9 48] [10 20] [11 13] [12 5] [13 8] [14 55] [15 33] [16 20] [17 14] [18 33] [19 81] [20 56] [21 51] [22 60] Avg 8.541 Rounds
Calculations took: 276443ms

way different than before
1000 Games calculating!
Siege SLY: 480 MRX: 520 ERRORS: 0
[1 0] [2 0] [3 44] [4 12] [5 100] [6 28] [7 7] [8 33] [9 57] [10 57] [11 12] [12 6] [13 10] [14 27] [15 29] [16 16] [17 20] [18 19] [19 23] [20 62] [21 63] [22 55] Avg 7.859 Rounds
Calculations took: 867521ms

1000 Games calculating!
Siege SLY: 486 MRX: 514 ERRORS: 0
[1 0] [2 0] [3 0] [4 32] [5 132] [6 15] [7 9] [8 33] [9 52] [10 52] [11 17] [12 3] [13 12] [14 33] [15 34] [16 32] [17 18] [18 23] [19 27] [20 42] [21 74] [22 68] Avg 8.471 Rounds
Calculations took: 238359ms
1000 Games calculating!
1000 Games calculating!
1000 Games calculating!
Siege SLY: 520 MRX: 480 ERRORS: 0
[1 0] [2 0] [3 2] [4 28] [5 77] [6 40] [7 39] [8 62] [9 56] [10 59] [11 33] [12 14] [13 13] [14 22] [15 29] [16 16] [17 23] [18 22] [19 30] [20 37] [21 45] [22 49] Avg 7.729 Rounds

10000 Games calculating!
Siege SLY: 5140 MRX: 4860 ERRORS: 0
[1 0] [2 0] [3 11] [4 249] [5 777] [6 413] [7 309] [8 565] [9 645] [10 498] [11 271] [12 111] [13 110] [14 262] [15 299] [16 232] [17 238] [18 226] [19 321] [20 401] [21 513] [22 536] Avg 8.0279 Rounds
Calculations took: 77926.5ms

10000 Games calculated!
Siege SLY: 5240 MRX: 4760 ERRORS: 0
[1 0] [2 0] [3 11] [4 280] [5 808] [6 378] [7 321] [8 608] [9 604] [10 534] [11 287] [12 110] [13 98] [14 268] [15 308] [16 229] [17 220] [18 237] [19 305] [20 439] [21 460] [22 519] Avg 7.977 Rounds
Calculations took: 195839ms
10000 Games calculated!
Siege SLY: 5144 MRX: 4856 ERRORS: 0
[1 0] [2 0] [3 7] [4 261] [5 784] [6 384] [7 292] [8 605] [9 595] [10 529] [11 265] [12 110] [13 102] [14 267] [15 295] [16 234] [17 234] [18 234] [19 297] [20 443] [21 482] [22 618] Avg 8.1659 Rounds
Calculations took: 76035.1ms
10000 Games calculated!
Siege SLY: 5026 MRX: 4974 ERRORS: 0
[1 0] [2 0] [3 9] [4 266] [5 834] [6 384] [7 294] [8 616] [9 573] [10 369] [11 260] [12 123] [13 208] [14 250] [15 328] [16 206] [17 232] [18 213] [19 255] [20 378] [21 511] [22 484] Avg 7.6923 Rounds
Calculations took: 75214.7ms

10000 Games calculated!
Siege SLY: 4991 MRX: 5009 ERRORS: 0
[1 0] [2 0] [3 8] [4 278] [5 826] [6 383] [7 300] [8 561] [9 598] [10 379] [11 284] [12 111] [13 204] [14 240] [15 304] [16 235] [17 211] [18 219] [19 274] [20 385] [21 429] [22 516] Avg 7.6163 Rounds
Calculations took: 78681.5ms

10000 Games calculated!
Siege SLY: 5007 MRX: 4993 ERRORS: 0
[1 0] [2 0] [3 14] [4 193] [5 883] [6 420] [7 436] [8 463] [9 739] [10 430] [11 279] [12 114] [13 160] [14 229] [15 228] [16 159] [17 204] [18 179] [19 252] [20 408] [21 464] [22 484] Avg 7.4435 Rounds
Calculations took: 71811ms

10000 Games calculated!
Siege SLY: 4987 MRX: 5013 ERRORS: 0
[1 0] [2 0] [3 7] [4 157] [5 947] [6 454] [7 494] [8 461] [9 727] [10 397] [11 313] [12 107] [13 116] [14 197] [15 218] [16 154] [17 183] [18 182] [19 228] [20 463] [21 476] [22 486] Avg 7.4394 Rounds
Calculations took: 71220.5ms

10 Games calculated!
Siege SLY: 5 MRX: 5 ERRORS: 0
[1 0] [2 0] [3 0] [4 0] [5 0] [6 1] [7 0] [8 0] [9 1] [10 0] [11 1] [12 1] [13 0] [14 1] [15 0] [16 0] [17 0] [18 0] [19 1] [20 1] [21 0] [22 0] Avg 8.4 Rounds
Calculations took: 93.4103ms

100 Games calculated!
Siege SLY: 50 MRX: 50 ERRORS: 0
[1 0] [2 0] [3 0] [4 2] [5 10] [6 3] [7 8] [8 4] [9 10] [10 6] [11 1] [12 0] [13 2] [14 1] [15 0] [16 1] [17 4] [18 4] [19 1] [20 2] [21 6] [22 7] Avg 7.88 Rounds
Calculations took: 705.666ms

10 Games calculated!
Siege SLY: 4 MRX: 6 ERRORS: 0
[1 0] [2 0] [3 0] [4 1] [5 1] [6 0] [7 0] [8 0] [9 0] [10 1] [11 0] [12 0] [13 0] [14 0] [15 0] [16 0] [17 1] [18 0] [19 2] [20 0] [21 0] [22 1] Avg 8.9 Rounds
Calculations took: 82.8708ms

10 Games calculated!
Siege SLY: 5 MRX: 5 ERRORS: 0
[1 0] [2 0] [3 0] [4 0] [5 1] [6 1] [7 1] [8 1] [9 1] [10 0] [11 0] [12 0] [13 0] [14 0] [15 0] [16 0] [17 0] [18 0] [19 0] [20 1] [21 1] [22 0] Avg 6.9 Rounds
Calculations took: 101.151ms

