198 13 197 155 141 
29 198 174 34 50 
155 29 13 197 141 
26 155 198 34 50 
174 26 29 197 141 
34 174 13 155 50 
29 34 198 197 141 
13 29 26 155 50 
197 13 34 198 141 
174 197 29 155 50 
141 174 26 13 198 
29 141 34 155 50 
197 29 174 13 198 
26 197 141 155 50 
174 26 13 29 198 
34 174 197 155 50 
141 34 26 29 198 
155 141 13 174 50 
197 155 34 29 198 
13 197 26 174 50 
34 13 141 29 198 
26 34 155 174 50 
141 26 197 29 198 
50 141 34 13 155 
197 50 26 174 198 
29 197 141 13 155 
26 29 34 174 198 
50 26 197 13 155 
34 50 141 174 198 
197 34 13 26 155 
174 197 138 50 29 
198 174 34 26 155 
13 198 197 50 29 
34 13 138 26 155 
174 34 198 50 29 
138 174 197 26 155 
34 138 13 198 29 
174 34 26 50 155 
197 174 138 198 29 
13 197 34 50 155 
26 13 174 198 29 
34 26 138 50 155 
174 34 197 198 29 
26 174 13 138 155 
198 26 50 29 34 
197 198 174 138 155 
26 197 13 50 34 
29 26 198 138 155 
13 29 174 50 34 
198 13 26 197 155 
174 198 29 138 34 
26 174 50 197 155 
13 26 198 138 34 
29 13 174 197 155 
138 29 26 198 34 
197 138 50 13 174 
155 197 29 198 34 
26 155 138 13 174 
29 26 50 198 34 
197 29 155 13 174 
50 197 138 198 34 
29 50 13 26 174 
138 29 155 198 34 
197 138 50 26 174 
34 197 29 13 155 
198 34 138 26 174 
29 198 50 13 155 
138 29 197 26 174 
34 138 198 13 155 
197 34 26 29 174 
138 197 13 50 155 
198 138 34 29 174 
13 198 26 50 155 
197 13 138 29 174 
26 197 34 50 155 
138 26 198 29 174 
13 138 197 50 155 
198 13 26 34 174 
50 198 29 138 155 
26 50 197 34 174 
13 26 198 138 155 
34 13 29 50 174 
198 34 26 197 155 
29 198 138 50 174 
13 29 34 197 155 
26 13 198 50 174 
34 26 138 197 155 
50 34 13 198 174 
155 50 29 26 197 
138 155 34 198 174 
13 138 50 26 197 
29 13 155 198 174 
34 29 138 26 197 
174 34 50 13 198 
138 174 155 26 197 
34 138 13 29 198 
50 34 174 26 197 
155 50 138 29 198 
26 155 13 34 197 
138 26 174 29 198 
13 138 50 34 197 
174 13 26 155 198 
29 174 138 34 197 
26 29 50 155 198 
13 26 174 34 197 
50 13 138 155 198 
34 50 26 174 197 
198 34 53 29 13 
155 198 50 174 197 
29 155 26 34 13 
50 29 53 174 197 
198 50 155 34 13 
141 198 53 29 26 
155 141 197 34 13 
50 155 198 29 26 
141 50 34 53 13 
198 141 29 155 26 
197 198 50 53 13 
29 197 34 155 26 
50 29 141 53 13 
198 50 197 155 26 
53 198 29 141 13 
50 53 34 197 26 
29 50 155 141 13 
198 29 53 197 26 
50 198 34 155 13 
53 50 141 197 26 
29 53 198 155 13 
141 29 50 26 34 
198 141 53 197 13 
50 198 155 26 34 
29 50 141 197 13 
53 29 198 26 34 
141 53 155 197 13 
198 141 26 29 34 
155 198 53 13 50 
197 155 141 29 34 
26 197 198 13 50 
53 26 155 29 34 
197 53 13 141 50 
155 197 198 29 34 
13 155 26 141 50 
197 13 29 53 34 
198 197 155 141 50 
34 198 26 13 53 
29 34 197 141 50 
26 29 155 13 53 
197 26 198 141 50 
155 197 13 29 53 
141 155 26 198 50 
13 141 34 29 53 
197 13 155 198 50 
26 197 141 29 53 
198 26 34 13 155 
50 198 197 29 53 
34 50 141 13 155 
26 34 198 29 53 
141 26 197 13 155 
198 141 29 34 53 
197 198 13 26 155 
29 197 50 34 53 
13 29 141 26 155 
198 13 197 34 53 
141 198 26 29 155 
197 141 13 50 53 
26 197 34 29 155 
198 26 141 50 53 
13 198 197 29 155 
50 13 26 141 53 
34 50 198 29 155 
26 34 197 141 53 
29 26 13 50 155 
197 29 198 141 53 
34 197 26 50 155 
29 34 13 198 53 
26 29 141 50 155 
197 26 34 198 53 
29 197 13 141 155 
34 29 50 198 53 
13 34 26 141 155 
50 13 197 198 53 
26 50 29 141 155 
198 26 34 13 197 
53 198 50 141 155 
34 53 13 26 197 
29 34 198 141 155 
13 29 50 26 197 
141 13 34 198 155 
50 141 53 26 197 
155 50 29 13 198 
34 155 141 26 197 
53 34 50 13 198 
29 53 155 26 197 
50 29 141 13 198 
53 50 26 34 197 
141 53 155 13 198 
26 141 29 34 197 
53 26 13 50 198 
155 53 141 34 197 
29 155 26 50 198 
34 29 13 53 197 
26 34 141 50 198 
155 26 29 53 197 
34 155 13 141 198 
29 34 50 53 197 
13 29 26 141 198 
50 13 155 53 197 
34 50 29 141 198 
53 34 13 155 197 
26 53 50 141 198 
13 26 29 155 197 
34 13 53 141 198 
29 34 50 155 197 
198 29 53 26 13 
50 198 138 155 197 
53 50 26 29 13 
34 53 198 155 197 
138 34 50 29 13 
53 138 26 198 197 
50 53 155 29 13 
26 50 34 198 197 
155 26 29 53 13 
138 155 50 198 197 
29 138 34 53 13 
26 29 155 198 197 
34 26 50 53 13 
197 34 138 29 198 
50 197 155 53 13 
29 50 26 34 198 
138 29 197 53 13 
155 138 50 34 198 
29 155 26 197 13 
50 29 53 34 198 
26 50 138 197 13 
53 26 155 34 198 
138 53 50 13 29 
155 138 197 34 198 
26 155 53 13 29 
138 26 34 50 198 
197 138 155 13 29 
34 197 53 50 198 
138 34 13 26 29 
53 138 155 50 198 
197 53 34 26 29 
50 197 13 138 198 
155 50 53 26 29 
13 155 34 138 198 
53 13 197 26 29 
34 53 50 138 198 
197 34 13 155 29 
26 197 53 138 198 
50 26 34 155 29 
13 50 197 138 198 
34 13 53 155 29 
50 34 26 197 198 
53 50 138 155 29 
13 53 34 197 198 
138 13 29 26 50 
155 138 53 197 198 
29 155 34 26 50 
13 29 138 197 198 
34 13 53 26 50 
138 34 155 197 198 
53 138 13 29 50 
174 53 155 34 26 
198 174 138 29 50 
34 198 13 53 26 
138 34 155 29 50 
13 138 174 53 26 
155 13 198 29 50 
53 155 34 138 26 
198 53 13 174 50 
29 198 155 138 26 
13 29 34 174 50 
53 13 198 138 26 
34 53 155 174 50 
138 34 13 198 26 
155 138 50 29 53 
174 155 34 198 26 
13 174 138 29 53 
34 13 50 198 26 
138 34 155 29 53 
50 138 174 198 26 
29 50 13 34 53 
198 29 155 26 138 
174 198 50 34 53 
26 174 13 29 138 
50 26 155 34 53 
198 50 174 29 138 
26 198 13 155 53 
50 26 29 34 138 
13 50 174 155 53 
29 13 198 34 138 
50 29 26 174 53 
198 50 13 155 138 
34 198 29 174 53 
13 34 26 155 138 
29 13 50 174 53 
198 29 34 155 138 
53 198 26 13 174 
34 53 50 155 138 
26 34 29 13 174 
198 26 53 155 138 
50 198 34 13 174 
138 50 29 26 155 
34 138 53 13 174 
198 34 50 26 155 
29 198 138 13 174 
50 29 53 26 155 
34 50 198 13 174 
53 34 138 26 155 
50 53 13 29 174 
138 50 198 26 155 
13 138 34 29 174 
198 13 26 50 155 
34 198 53 29 174 
26 34 138 50 155 
13 26 198 29 174 
138 13 34 53 155 
198 138 26 50 174 
197 198 53 34 29 
26 197 132 50 174 
53 26 138 34 29 
198 53 197 50 174 
138 198 26 132 29 
50 138 34 53 174 
26 50 197 132 29 
198 26 138 53 174 
50 198 34 197 29 
138 50 26 132 174 
34 138 53 197 29 
198 34 50 132 174 
26 198 138 197 29 
50 26 53 132 174 
34 50 198 197 29 
53 34 138 132 174 
50 53 26 198 29 
138 50 197 132 174 
26 138 34 198 29 
132 26 50 197 174 
34 132 53 198 29 
50 34 138 197 174 
26 50 132 198 29 
174 26 53 34 197 
132 174 138 198 29 
53 132 26 50 197 
34 53 174 198 29 
138 34 132 50 197 
174 138 29 26 53 
132 174 198 50 197 
29 132 34 26 53 
174 29 50 138 197 
198 174 132 26 53 
141 198 50 34 29 
132 141 138 26 53 
50 132 174 34 29 
198 50 141 26 53 
174 198 34 132 29 
141 174 26 50 53 
34 141 138 132 29 
198 34 174 50 53 
26 198 141 132 29 
174 26 34 138 53 
50 174 198 132 29 
34 50 141 138 53 
132 34 26 174 29 
141 132 198 138 53 
50 141 34 174 29 
132 50 26 198 53 
34 132 138 174 29 
141 34 50 198 53 
138 141 29 26 132 
50 138 174 198 53 
29 50 34 26 132 
198 29 141 53 138 
174 198 50 26 132 
53 174 29 141 138 
34 53 198 26 132 
29 34 50 141 138 
198 29 26 53 132 
50 198 174 141 138 
34 50 29 53 132 
26 34 198 141 138 
174 26 50 53 132 
34 174 29 198 138 
50 34 141 53 132 
26 50 174 198 138 
34 26 29 141 132 
198 34 53 50 174 
29 198 138 141 132 
34 29 26 53 174 
50 34 198 141 132 
138 50 29 53 174 
34 138 26 198 132 
141 34 50 53 174 
26 141 29 198 132 
50 26 138 53 174 
29 50 34 198 132 
138 29 141 53 174 
26 138 50 198 132 
53 26 29 141 174 
34 53 138 198 132 
29 34 50 141 174 
132 29 53 26 138 
50 132 198 141 174 
53 50 26 29 138 
132 53 34 198 174 
141 132 50 29 138 
26 141 53 198 174 
34 26 132 29 138 
50 34 141 198 174 
132 50 26 53 138 
141 132 34 29 198 
174 141 50 53 138 
26 174 132 29 198 
34 26 141 53 138 
50 34 174 29 198 
141 50 26 132 138 
174 141 29 34 198 
53 174 50 132 138 
26 53 141 34 198 
29 26 174 132 138 
53 29 34 50 198 
174 53 26 141 138 
34 174 132 50 198 
26 34 29 141 138 
53 26 174 50 198 
132 53 34 141 138 
50 132 26 174 198 
29 50 53 141 138 
26 29 34 174 198 
53 26 132 141 138 
34 53 50 174 198 
138 34 29 26 141 
132 138 53 174 198 
50 132 34 26 141 
29 50 138 174 198 
34 29 53 26 141 
198 34 138 132 13 
53 198 174 26 141 
34 53 29 138 13 
132 34 198 26 141 
174 132 53 138 13 
34 174 26 29 141 
198 34 132 138 13 
26 198 53 29 141 
132 26 174 138 13 
34 132 198 29 141 
138 34 26 174 13 
132 138 29 53 141 
198 132 34 174 13 
26 198 138 53 141 
29 26 132 174 13 
34 29 198 53 141 
132 34 138 174 13 
29 132 26 198 141 
174 29 53 13 34 
138 174 132 198 141 
29 138 13 26 34 
53 29 174 198 141 
13 53 132 26 34 
198 13 138 29 174 
132 198 141 26 34 
138 132 13 53 174 
29 138 198 26 34 
141 29 132 53 174 
26 141 13 138 34 
132 26 198 53 174 
13 132 29 138 34 
198 13 26 141 174 
29 198 53 138 34 
26 29 132 141 174 
13 26 198 138 34 
197 13 141 91 53 
198 197 26 174 34 
141 198 13 138 53 
26 141 91 174 34 
13 26 197 138 53 
198 13 141 174 34 
138 198 26 197 53 
174 138 34 13 91 
26 174 141 197 53 
198 26 138 13 91 
34 198 174 197 53 
138 34 141 13 91 
26 138 198 197 53 
141 26 174 13 91 
138 141 34 198 53 
174 138 197 13 91 
26 174 141 198 53 
138 26 13 34 91 
197 138 174 198 53 
141 197 26 34 91 
174 141 53 13 138 
198 174 197 34 91 
26 198 141 13 138 
174 26 34 53 91 
141 174 197 13 138 
34 141 198 53 91 
174 34 13 26 138 
